0.400000000000000022
0.417187500000000044
0.434375000000000011
0.451562500000000033
0.468750000000000000
0.485937500000000022
0.503125000000000044
0.520312499999999956
0.537499999999999978
0.554687500000000000
0.571875000000000022
0.589062500000000044
0.606249999999999956
0.623437499999999978
0.640625000000000000
0.657812499999999911
0.675000000000000044
0.692187499999999956
0.709374999999999978
0.726562500000000000
0.743749999999999911
0.760937500000000044
0.778124999999999956
0.795312499999999978
0.812500000000000000
0.829687499999999911
0.846875000000000044
0.864062499999999956
0.881249999999999978
0.898437500000000000
0.915624999999999911
0.932812499999999933
0.949999999999999956
0.967187499999999978
0.984375000000000000
1.001562499999999911
1.018749999999999822
1.035937499999999956
1.053125000000000089
1.070312500000000000
1.087499999999999911
1.104687499999999822
1.121874999999999956
1.139062500000000089
1.156250000000000000
1.173437499999999911
1.190624999999999822
1.207812499999999956
1.225000000000000089
1.242187500000000000
1.259374999999999911
1.276562499999999822
1.293749999999999956
1.310937499999999867
1.328125000000000000
1.345312499999999911
1.362499999999999822
1.379687499999999956
1.396874999999999867
1.414062500000000000
1.431249999999999911
1.448437499999999822
1.465624999999999734
1.482812500000000089
1.500000000000000000
1.517187499999999911
1.534374999999999822
1.551562499999999734
1.568750000000000089
1.585937500000000000
1.603124999999999911
1.620312499999999822
1.637499999999999734
1.654687500000000089
1.671875000000000000
1.689062499999999911
1.706249999999999822
1.723437499999999734
1.740624999999999645
1.757812500000000000
1.774999999999999911
1.792187499999999822
1.809374999999999734
1.826562499999999645
1.843750000000000000
1.860937499999999911
1.878124999999999822
1.895312499999999734
1.912499999999999645
1.929687500000000000
1.946874999999999911
1.964062499999999822
1.981249999999999734
1.998437499999999645
2.015625000000000000
2.032812499999999911
2.049999999999999822
2.067187499999999734
2.084374999999999645
2.101562500000000000
2.118749999999999911
2.135937499999999822
2.153124999999999734
2.170312499999999645
2.187500000000000000
2.204687499999999911
2.221874999999999822
2.239062499999999734
2.256249999999999645
2.273437500000000000
2.290624999999999911
2.307812499999999822
2.324999999999999734
2.342187499999999645
2.359375000000000000
2.376562499999999911
2.393749999999999822
2.410937499999999734
2.428124999999999645
2.445312499999999556
2.462499999999999467
2.479687499999999822
2.496874999999999734
2.514062499999999645
2.531249999999999556
2.548437499999999467
2.565624999999999822
2.582812499999999734
2.599999999999999645
2.617187499999999556
2.634374999999999467
2.651562499999999822
2.668749999999999734
2.685937499999999645
2.703124999999999556
2.720312499999999467
2.737499999999999822
2.754687499999999734
2.771874999999999645
2.789062499999999556
2.806249999999999467
2.823437499999999822
2.840624999999999734
2.857812499999999645
2.874999999999999556
2.892187499999999467
2.909374999999999822
2.926562499999999734
2.943749999999999645
2.960937499999999556
2.978124999999999467
2.995312499999999378
3.012499999999999734
3.029687499999999645
3.046874999999999556
3.064062499999999467
3.081249999999999378
3.098437499999999734
3.115624999999999645
3.132812499999999556
3.149999999999999467
3.167187499999999378
3.184374999999999734
3.201562499999999645
3.218749999999999556
3.235937499999999467
3.253124999999999378
3.270312499999999734
3.287499999999999645
3.304687499999999556
3.321874999999999467
3.339062499999999378
3.356249999999999734
3.373437499999999645
3.390624999999999556
3.407812499999999467
3.424999999999999378
3.442187499999999734
3.459374999999999645
3.476562499999999556
3.493749999999999467
3.510937499999999378
3.528124999999999734
3.545312499999999645
3.562499999999999556
3.579687499999999467
3.596874999999999378
3.614062499999999734
3.631249999999999645
3.648437499999999556
3.665624999999999467
3.682812499999999378
3.699999999999999734
3.717187499999999645
3.734374999999999556
3.751562499999999467
3.768749999999999378
3.785937499999999289
3.803124999999999645
3.820312499999999556
3.837499999999999467
3.854687499999999378
3.871874999999999289
3.889062499999999645
3.906249999999999556
3.923437499999999467
3.940624999999999378
3.957812499999999289
3.974999999999999645
3.992187499999999556
4.009374999999999467
4.026562499999999822
4.043749999999999289
4.060937499999999645
4.078125000000000000
4.095312499999999467
4.112499999999999822
4.129687499999999289
4.146874999999999645
4.164062500000000000
4.181249999999999467
4.198437499999999822
4.215624999999999289
4.232812499999999645
4.250000000000000000
4.267187499999999467
4.284374999999999822
4.301562499999999289
4.318749999999999645
4.335937500000000000
4.353124999999999467
4.370312499999999822
4.387499999999999289
4.404687499999999645
4.421875000000000000
4.439062499999999467
4.456249999999999822
4.473437500000000178
4.490624999999999645
4.507812500000000000
4.524999999999999467
4.542187499999999822
4.559375000000000178
4.576562499999999645
4.593750000000000000
4.610937499999999467
4.628124999999999822
4.645312500000000178
4.662499999999999645
4.679687500000000000
4.696874999999999467
4.714062499999999822
4.731250000000000178
4.748437499999999645
4.765625000000000000
4.782812499999999467
4.799999999999999822
4.817187500000000178
4.834374999999999645
4.851562500000000000
4.868749999999999467
4.885937499999999822
4.903125000000000178
4.920312499999999645
4.937500000000000000
4.954687499999999467
4.971874999999999822
4.989062500000000178
5.006249999999999645
5.023437500000000000
5.040624999999999467
5.057812499999999822
5.075000000000000178
5.092187499999999645
5.109375000000000000
5.126562499999999467
5.143749999999999822
5.160937500000000178
5.178124999999999645
5.195312500000000000
5.212499999999999467
5.229687499999999822
5.246875000000000178
5.264062499999999645
5.281250000000000000
5.298437499999999467
5.315624999999999822
5.332812500000000178
5.349999999999999645
5.367187500000000000
5.384374999999999467
5.401562499999999822
5.418750000000000178
5.435937499999999645
5.453125000000000000
5.470312499999999467
5.487499999999999822
5.504687500000000178
5.521874999999999645
5.539062500000000000
5.556249999999999467
5.573437499999999822
5.590624999999999289
5.607812499999999645
5.625000000000000000
5.642187499999999467
5.659374999999999822
5.676562499999999289
5.693749999999999645
5.710937500000000000
5.728124999999999467
5.745312499999999822
5.762499999999999289
5.779687499999999645
5.796875000000000000
5.814062499999999467
5.831249999999999822
5.848437499999999289
5.865624999999999645
5.882812500000000000
5.899999999999999467
5.917187499999999822
5.934374999999999289
5.951562499999999645
5.968750000000000000
5.985937499999999467
6.003124999999999822
6.020312499999999289
6.037499999999999645
6.054687500000000000
6.071874999999999467
6.089062499999999822
6.106249999999999289
6.123437499999999645
6.140625000000000000
6.157812499999999467
6.174999999999999822
6.192187499999999289
6.209374999999999645
6.226562500000000000
6.243749999999999467
6.260937499999999822
6.278124999999999289
6.295312499999999645
6.312500000000000000
6.329687499999999467
6.346874999999999822
6.364062499999999289
6.381249999999999645
6.398437500000000000
6.415624999999999467
6.432812499999999822
6.449999999999999289
6.467187499999999645
6.484375000000000000
6.501562499999999467
6.518749999999999822
6.535937499999999289
6.553124999999999645
6.570312500000000000
6.587499999999999467
6.604687499999999822
6.621874999999999289
6.639062499999999645
6.656250000000000000
6.673437499999999467
6.690624999999999822
6.707812499999999289
6.724999999999999645
6.742187500000000000
6.759374999999999467
6.776562499999999822
6.793749999999999289
6.810937499999999645
6.828125000000000000
6.845312499999999467
6.862499999999999822
6.879687499999999289
6.896874999999999645
6.914062500000000000
6.931249999999999467
6.948437499999999822
6.965624999999999289
6.982812499999999645
7.000000000000000000
